501,鄂北,114.11456,31.70851,90.29,0
525,鄂南,113.69545,29.60418,34.02,0
12050,关垭子,109.59236,32.32187,512.58,0
11501,鄂皖,115.74875,30.79967,144.06,0
8301,青龙,113.96815,30.60223,12.39,0
2001,黄冈北,114.89574,31.42121,108.77,0
2017,鄂赣,114.83408,29.38607,108.77,0
13032,通城南,113.77206,29.19284,133.08,0
1501,鄂豫,113.45881,32.27518,137.97,0
1519,荆岳桥,113.19903,29.56219,16.78,0
10551,宜都,111.38853,30.57057,60.00,0
10565,白羊塘,108.56020,30.16954,1419.22,0
10592,鄂渝,108.80098,30.40152,800.00,0
10503,界子墩,116.03193,30.11179,47.58,0
10510,黄石,114.99701,30.25152,29.57,0
1001,襄阳北,112.10206,32.31163,98.11,0
1027,东岳庙,111.90729,29.88900,29.71,0
13001,鄂东南,115.40912,29.75103,60.11,0
11040,郧阳北,111.12966,33.12571,194.41,0
11037,房县,110.71389,32.07445,421.85,0
11546,渔洋关,111.11913,30.18449,247.20,0
10574,鄂西南,109.42961,29.54556,500.00,0
11000,机场北,114.22942,30.84272,27.21,0
11013,襄樊东,112.35257,32.14800,65.27,0
11030,漫川关,110.10170,33.19800,414.81,0
11034,鄂陕,110.28944,32.72970,300.00,0
10401,黄梅南,115.91309,29.68215,27.17,0
10501,小池,115.92720,29.74770,40.00,0
8101,府河,114.30491,30.70679,15.82,0
8104,陵园,114.32161,30.83011,27.27,0
8201,青菱,114.25247,30.43022,19.57,0
8601,小军山,114.13645,30.39664,14.11,0
8604,新滩,113.85635,30.17449,16.36,0
8501,琴台,114.01565,30.72167,25.54,0
8801,泾河,114.18707,30.61832,10.00,0
20111,黄花涝1,114.22697,30.74755,25.91,0
20112,黄花涝2,114.20006,30.73637,20.83,0
12001,鄂东,115.42074,31.24620,196.07,0
13020,南林桥,114.34493,29.58817,94.92,0
13023,咸宁东,114.37511,29.89355,54.24,0
13024,张公,114.30544,29.92795,25.71,0
10601,秭归港,111.02994,30.76800,156.87,0
10545,宜昌,111.33296,30.70799,68.65,0
8701,龚家岭,114.43640,30.59530,22.06,0
10527,武东,114.46928,30.47324,32.91,0
1036,石首南,112.44488,29.62936,18.74,0
10579,朝阳寺,109.02431,29.60051,819.36,0
10509,鄂东散花,115.109095,30.264868,30.00
8105,黄陂,114.324190,30.829780,39.06
515,武汉南,114.239860,30.329850,25.92
8706,鄂州西,11.21
10523,路口,5.12
11022,六里坪,110.97381,32.55259,183.37,0
10539,排湖
10506,武穴
10525,庙岭
10521,汀祖
2006,黄州
2005,团风
2002,麻城
8401,黄陂东
11505,罗田
523,赤壁
520,咸安
4022,赤壁西
4023,赤壁南
13030,通城西
13012,北港
12002,木子店
2012,大冶
8711,华容
506,杨店
20213,仙桃东
10532,仙桃
10533,毛嘴
10538,荆州
20214,仙桃北
20213,仙桃东
12034,保康
1020,荆州中
11525,鸭鹊岭
10542,猇亭
11513,天门北
8705,华蒲
90025,新集枢纽,114.463470,30.856930,29.72,G42,G42WH