90047,大悟南互通,114.07344,31.43552,53.16,0
90001,孝南枢纽,114.00209,31.02460,28.62,0
90104,灯塔枢纽,114.10621,30.70517,19.87,0
90003,东西湖枢纽,113.95890,30.78145,19.05,0
90029,红庙枢纽,113.97291,30.65611,21.67,0
510,武汉西,114.05528,30.46035,18.01,0
90032,军山互通,114.12639,30.38447,21.33,0
90115,金水枢纽,114.14075,30.35153,22.04,0
90057,咸通京珠交界,114.25721,29.93720,29.27,0
90102,赤壁西枢纽,113.78392,29.68000,37.61,0
90005,豹懈枢纽,114.56607,30.46460,33.83,0
90038,邹黄互通,114.51898,30.57775,23.75,0
90026,周铺互通,114.58589,30.78130,29.96,0
90025,新集枢纽,114.46347,30.85693,29.72,0
90011,横店枢纽,114.27367,30.80662,25.17,0
90077,机场绕城交接,114.19647,30.73500,10.00,0
90103,东柏枢纽,114.12038,30.70505,10.00,0
90035,钱场互通,113.18500,30.86831,49.31,0
90017,荆门枢纽,112.26606,30.95551,54.88,0
90063,保宜荆宜交界,111.80640,30.67534,136.67,0
90046,随州东互通,113.27186,31.65042,97.02,0
90072,随州南枢纽,113.19925,31.62462,91.86,0
90074,麻竹高速保康段起点,112.19961,31.44435,56.55,0
90079,保康南枢纽,111.27378,31.83493,301.67,0
90069,房县枢纽互通,110.71389,32.07445,421.85,0
90070,谷城西枢纽,111.48455,32.32553,121.22,0
90084,团陂东枢纽,115.32886,30.72613,100.15,0
90033,淋山河枢纽,114.94504,30.71293,43.18,0
90027,三里桥枢纽,114.43298,30.77678,11.16,0
90037,麻城枢纽,114.93539,31.18705,69.59,0
90062,黄鄂大广交界点,114.97611,30.58839,39.87,0
90054,大冶枢纽互通,114.90381,30.04485,29.65,0
90050,星潭互通,114.94280,29.72293,33.56,0
90100,武深起点,114.00621,30.01149,24.36,0
90101,嘉鱼枢纽,114.00621,30.01149,24.36,0
90015,随州枢纽,113.23970,31.69243,77.28,0
90021,珠玑枢纽,113.08406,30.38926,15.64,0
3530,分盐,113.03293,29.93839,13.48,0
90028,侏儒枢纽,113.87581,30.45673,15.44,0
90091,仙桃枢纽互通,113.55019,30.33989,11.57,0
90088,潜江西枢纽,112.59808,30.35464,18.97,0
90009,岳桥枢纽,112.25231,30.38121,19.93,0
90094,枝江枢纽,111.58420,30.59095,89.00,0
90010,高家店枢纽,111.42848,30.59189,84.08,0
10550,宜昌桥南,111.38853,30.57057,60.00,0
90066,罗针田枢纽,109.44675,30.22327,445.51,0
90082,利万起点,108.74791,30.25469,1090.00,0
90007,郜营枢纽,112.09877,32.19837,64.53,0
90065,陡兴场互通,111.99688,29.94426,22.01,0
90056,南林桥枢纽,114.33876,29.59201,108.50,0
90075,十堰东枢纽,110.87400,32.62436,253.67,0
90068,六里坪互通,110.98953,32.54026,177.05,0
90097,宜昌南枢纽,111.42451,30.31155,67.51,0
90067,宣恩枢纽,109.41513,29.95237,808.85,0
11013,襄樊东,112.35257,32.14800,65.27,0
90058,十房十漫交界,110.77014,32.72149,295.49,0
10504,黄梅,115.91085,30.03555,14.63,0
90113,新天铺枢纽,114.12116,30.57188,14.55,0
90083,麻武穴起点,115.37084,31.20573,163.35,0
13020,南林桥,114.34493,29.58817,94.92,0
13023,咸宁东,114.37511,29.89355,54.24,0
90112,四环线起点,114.11981,30.59669,10.00,0
90111,仙湖洪湖段终点,113.98585,30.04828,10.00,0
90108,江陵东枢纽,112.55126,30.06406,15.26,0
90098,翻坝接点,111.38853,30.57057,60.00,0
90019,荆宜汉宜交界,111.44257,30.59445,50.00,0
90109,监江终点,112.39377,30.14414,10.00,0
90051,宜巴起点,111.552350,30.730310,167.33
90045,散花互通,115.109095,30.264868,30.00
90012,桃园枢纽,114.303710,30.755810,22.92
90013,黄陂枢纽,114.324190,30.829780,39.06
90014,陵园交点,114.321610,30.830110,27.27
90041,花湖互通(与90044,大广北互通，90040,大广南互通难以区分，可能需要将三个都去掉)
90044,大广北互通,115.06007,30.25547,22.60,0
90040,大广南互通,115.00601,30.25163,10.93,0
515,武汉南
90064,通城西互通
90059,黄鄂汉鄂交接点,4.65
90022,金口枢纽